image_width: 640
image_height: 480
camera_name: usb_cam
camera_matrix:
  rows: 3
  cols: 3
  data: [366.324017, 0.000000, 315.550244, 0.000000, 365.340298, 252.900414, 0.000000, 0.000000, 1.000000]
distortion_model: plumb_bob
distortion_coefficients:
  rows: 1
  cols: 5
  data: [-0.288388, 0.061146, -0.003611, -0.004718, 0.000000]
rectification_matrix:
  rows: 3
  cols: 3
  data: [1.000000, 0.000000, 0.000000, 0.000000, 1.000000, 0.000000, 0.000000, 0.000000, 1.000000]
projection_matrix:
  rows: 3
  cols: 4
  data: [256.433197, 0.000000, 298.804886, 0.000000, 0.000000, 310.231781, 255.082315, 0.000000, 0.000000, 0.000000, 1.000000, 0.000000]